10

20

[3661] Ἴ 30 GENNAIO 1638. 269

3661.

GALILEO a [F ULGENZIO MICANZIO in Venezia]
Aroetri, 30 gennaio 1638.

Bibl. Marciana in venezia. Cod. XLVII della CI. X Ι1., 661. 1344. — Originale‚ di mano di MARCO
AMBROGETTI.

11611.Μο 13.oe e mio 8163· Col.mo

L’ordinario 6666616, 6661616116 (16 166116 66666661661, 666 (16111
11666616 6 111111 1 66111661611 6661661111 66116 616116611116 (16116 P. V.
11611ἔ113ι (²¹³1 66661116 6616666, 616 6616 1616116166616, 6616116 66 (11 616-
66616 66666 66661 666 161, havendo buon numero di lettere alle quali
mi eonvien 116666ᾶ616.

Quanto alle 6617116 6111616166616 6666111616 (16 1116 66116 166616 (16116
11166, 66 66111616 66666 16116, 6 16 1666ᾶ616 111116 quello 6116 61 6 di
6116116, 661 6116 6611616661666 6 (1611’111.ῖ][10 Sig.1· Α61661616 (16 611 61111
1616611611 6116 6116 161 (1166 6116 (1661(161666 11616166 66616666.

Quanto 61 66111661616 1666616 (161 816.Γ Α16611, 6166 (161 rispondere
61 061616616616, 16 havevo pensiero di farlo 116116 66611116, ’166666ᾶ6
16 6666 6111 6666661611, 1116 11 11611 661616 661 16 666116 66 161 6616611
116 (11666661 1161116 6 (116661161111 66616, 16 6116 16 61116 611616 616 61-
61111 61116 61 6166ᾶ6666, 6616 6616616 (16 1116 616116 616ᾶ116. Τ16 16 6666
616116 661666611616 6116 66116 11 061616166616 6611116 (11 1116, (1116 1116
66 sovvengono 66661 solenni: l'nna 6, 6116 6611 6611 166116611 11111616-
veri 61666666 di (116616161161 161116 ignorante geometra, ohe 16 666
116161616 6661116 611 666611 (161 111666616 666616 6611611 6 (1116 16111, 6
616, dice egli, perche 16 66111 6611161111 6611 quali 61 66661ᾶ61666 (1116
6116611 (161 111666616, havendone io o (1161166116 6 66616661616 1166 (11
6661, 666 116 6611116616 11 16166, (1116166116 6 6166611116 661 1’61161661666
(1611’61116; 11 6116 (16 me 6 61616 11616661616, 6616116 questo 16166 666
66116 6161 66116 (11166611661666 66 661 66616616, si 6116 11 6611116616
16 6116 (61661116 661616166 61616 6616616116 superflua, Ε 6666 1166 11166
6111 6116 miserabile 16 6116, 1666116 siva 6161666ᾶ6 661 1116616161 (16116
11611166ἅ6 66666161666 6116 16 611 16, (161 666 havet· egli 161661 1 116
movimenti 611111611111 (161 066616166 6116 16116, 1666116 6116 61 vuole
161 666161666 1166666616; 6 1666 6116 6611 666 (1166 66 66666 (1116 6666 ,

6611. 6661. 12. ohiarmonte -

 

(¹) cfr. n.0 3650.

