212 5 NovEMBRE 1637. [3593]

11111110 11 poggioramonbo doll’ooohio, 11011 0110010 (101111110 110130, 1110 0110
0110117 0330 11111 va verso 10 101101110; 011ᾶο 1111 110170 0111110330 010110 1110-
1111001110 0 30111010110 11111110ᾶο101011101110 (10110 1100033110 di faro Sorivoro
11011101000101110, 11011 3010 111 1131103110 di 1011010 100111111101 0110 (10 (11-
110130 10011ᾰο 1111 170ῃὲ0110, 1110 1101 (10110110 varii 111101 1101131011 0 0011-
00111, 110110 (10’ (111011 30110 011110111 1110 11011 3111080111 0110010 111 00110,
01 01111 30110 11110111, 0110 0011110 0 11110 voglio, 1111 00300110 111 11101110
1101 1011011111, 010(10 10, 1111101110 11010111010. Ε 11111 010 30110 1111101110
01 (1131011ᾶοΓο 1111 catalogo (10110 11111 111111011οΠ11 011010010111 031101101111-
0110 (⁴³, 10 (111011 11ᾶοοο 0(1 11110 111001310110 101110 0311113110, 0110 1110100
(10110 (11101110 (10 gli 3111111101111 1101 10 0330110010111 (10110 171310, 0 1101
(1110111 0011 1 (111011 111131110 11 10111110, 00113011111300 111001310111 30111113-
311110, (11101110 0110 1111131110 11011 3010010010 (11 gradi 0 111111111111111111, 1110
(11 300011111 0 10101 0 (1110111 0110010; 0 (11101110 0 1 10111111, 1101111101110

ἢ

0301101001110 31 11011110 10 horo, 1111111111 11111111, 2³, oi 0 11111, 30 11111 110

11100οε 1110100 010110 (111011 111νο001001 31 01110ος0110 110110 301011Ζο 03110- ε.)

110111100 (1110110 0011οΖΖο 0110 3111 010 0011 1 mezzi 0011311011 11011 31 30110
oonsoguite3 01 0 3110 10111110 10 P. V. Rev.ffla 11011 3010 10 300011ᾶο ad
110νο1110 110110.

-Lo nuovo ossorvazioni 10110 (10 1110 110110 100010 11111010 01 1101110110
indubitabile 0011οΖΖο 001110 10 conversione (11 0330 111110, 10110 1101
3110 (11οἓ0110, 110 1101 0011110 11 0011110 (10110 10110; 31 0110 30 1’0001110
(101 riguardante fusso 111 101 0011110 001100010, 1103311110 (11 1011 1111110-
Ζ10111 300180100100, 111 1110111010 0110 10 1103110 10111οΠ011Ζο (101 0011110
(10110 10110 0 1⁷ 0101110110 (101 (11ος0110 0011000110 111110 10 apparenti
111111οΖ10111; 001110 0011 1111 11000 (11 οΖ10 ((101 (111010 01 1110301110 3011 (101
111110 privo) 110110 31ς1111100110; 1110 1001111101110 0011 (1110310 11000 (11
0011110 0110 1101 30 310330 11011011010 11 111110.

Sto 0011 grando 01101110 0311011011ᾶο 1 fogli 3111011111, 0 gli 01111 0110
1101101011110 3100111011 (11 1101.

Ana 00111νο nuova (10110 11110 111111111101110 000110 101010 voglio 11111
0111000110 1111 poco (11 101111101011101110 01 (101010 0110 3011 3101110 0110 0110
110 301110; 0 (1110310 0, 0110 (11101110 01 10310 (10110 0011101010 3011110 30110,
10 Dio grazia, 1110111010 111 03301 1110(110010 3101οε 011010 11011 00300 (11

Lett. 3593. 22. (3οη809οἱῑὶ -

mmmm—- -,......-. ——-—-----—--------—-—--<. -,, Μὴν.. -η--Ηφ-

m cfr. V01.V111‚ pag. 453-466.

10

30

