80

90

100

[3661] 30 GENNAIO 1638. 271

1111111110, 0 111110 00 11011’11110 (11 (1110011 10111111, 11. g. 1101 plenilunio, 1
1111001 0 101111001 0011 grandi 11010110 l’acqua 01 0101 1110110 001110 11 00-
11111110, 0 11011’01110 10111110, 0100 1101 111101111111110, 10 ἓ(1101101οΖΖο (101 1111000
0 1101111000 (1011011ᾶο 11011 01011’01Ζο101 1011130 001110 11 0011111110, 1110 (101-
1’010110000101 00110. 801110 (1110010 110111001010 110 00110110 0110 1111011110-
Ζ10110. Βο01ᾶο10 01100 001101110 1111 01110; 0 (1110010 0, 0110 01111011ᾱο 11
111010 1101 11 1011110 (11 Μο101110000 0 11010 1101 11)ηο 00010111, 0 (1111011-
01οΠᾶοοἱ 0 rigonfiar 10 laguna 01110 0 Venezia 0 Murano 0 Marghera
01110 0110 1111311110 0111οςςο 110100 Τ1011100, 1101 1011110οο 1101 1’00(1110 0 1 .
Due 00010111 0 0 Μο101110000 0011111101 0 001010 11111110 (11 (1110110 0110
0110 00111111010 0 001010 111 1Ῑο110010, Μ1110110 0 110110 01110 110111 11111 10-
11101οε del quale 0110110, (111011ᾶο 0001 sagnam, 110 00110 1101 00110 11110
0011000001100, (11 110101 (1010 0 (1110010 0110110 dinatum 1111 1101110 00001
0011111110 0 gli 01111 1110131 (1011’00(1110, 0100 0110 11 1111000 010 11110 0010
grande 011(10, 0110 01 1111101νο 111 quel modo 0110 1111111110 1111110111, 0110-
1101 (101110οᾶ101110 00110110111, 01 veggono venire 110100 10 011103ςο del
111010, 0 001110 di (1110110 1101 lungo 110110 0110180101 0 (11110οᾶ0101, 0
1101 1111111οᾶ101011101110, senza 1111011101 (1111010, 11101110101 111 (110110. Que-
010 0110110 110 10 0000111010 111 1Ῑο11οΖ10 11111 110110, 0 1100111110 001110 1101-
1’01Ζο101 1’00(1110 110 1101· 01011111 1111010111, (111001 (1101001 111 1110110, 0 11000
0 11000 00011011ᾰο 0 (1100001011ᾶο01 (1011’00(1110 111011ᾶο (101 0011010 0011-
1111110, 0 finito 11 (110000101Ήο1110 1111111οᾶ101011101110, 0011Ζο 111101110110 1110-
11101110 di quiete, l’ ho visba 1011101 111 (110110.

Ε 0001 110110 11110 1011101010 110 1011100110οῃᾶο 01 001110 (1110010 01 001110
(1110110 0110110 (11 11011110, 110 110000, 001110 1101101, (101 (111οΙ0110 (1111010 01
11110 inquieto 00111011οε 011110010Πο 0110 1110110 1111 1111000, 1011011ᾰο1111 11000
1110110 0110 111 11011101110 vigilia. Non 0 10001010 0110 101111110101101111110
1301010 111010,1110 1111110 continuando 11110 11011101110 pioggia (11 100111110
(10 gli 000111, 0011 1]οᾶ10 0 11010 10011ᾶ10010011110; 0 (10 1111 100010, 0110 0
1301 11110 1 medici 1111 11011110 10110 1010, 11011 1100110 11011οΗ010 01011110, anzi
parmi 0110 0011111111011101110 10 11110010110 110(110 111011111110οΠ(10. 01011, sit

laus Βο0.Α1111111110000 0011 10 0110 010010111; 0 0011 10110101110 0110110 10
110010 10 1110111.

Ι)Ἀ100111, li 30 Grenf) 1637 ⁶¹).
. Ι)0110 P. V. 11011.ΠΜ 1)01101.Π[10 01 Obligab.m0 80111.ΓΘ
’ (1011100 (1011101.

 

 

 

(¹) Di 01110 florentino,

’.ι

