20

30

40

[3781] 1100810 1638. 373

Ben 0 11010,818.1“ 1010, 0110 1101 10 1081001 verissime e 01110118811110 0110
0110 01111000, 101 11011010 1100 110νο1010100 088010 0 010 111 1110810111010
0101100, 100 11111 10810 (1010100110 001111181011111 00010 0 10100, quando
11010 10 10881 110 110100 110110 00οᾶ1Ζ1000 110 811 01111, 0100 000 11111 110
811 01111 8110010101ος 100 810 che 110 100110 0 100110 08110110οΖ0 800 1080
00110 110110 1001180110 110110 1010 10111100, 01110 1100 110880 0811011010 110110
8110 08110010 1101111110 10 1101808011011111, 80 000 0110 (1001100110 011 0801
01110 8010111110 111 81010100010, 0 me 8010 80101110 111 detrimento 0 110000.
Ρ111 000110 10 10010 0101018110 10’0011111010, 810 0110 vana 101001110 80-
1011110 11 volet· 00011081010 0110 000088110 del 11081100.

(110 0110 11011 s’ 0 11011110 110011088010 1⁷ 11111101οΖ1000 1101 1010 111110,
1018080010 avere 110Ζί0οΖ0(”. 10081οΖ10 10110110100010 V. 8. 110110 1110-
8001021000 0110 110 110 10110 0 1010 001110 011Ἰ11.ῙΠο 818.ΓΘ (10010 111Νο011108,
1101 quale 10080 1011010 d'avviso di 101 11108001οΖ1000(2) 0 1110110 11710-
110110 00110810 0 111 00110 111010811οΖ1000 d'avere S. Sigfls'ia 111.ωᾶ 81011110
08801 tal 01101ος 1101 0110 10810 101010100010 00010010 0 80111810110, 0
100110 0111118010 0 V. 8. 1300 mi 11011110 0000810110 1 88.Γὶ Elzeviri di 100-
1017181101101 01. 10 00110 100110 1101011111 111 1010, 1101 che 101100 011 010

10 vano 110 0811011010 qualche 1111001110 11’08010111011 110110 11110 8011111110
0 Madame, Senma, 110 1010 pis] mesi 10 8101011010(3), 0 111 questa 111-
11100 11110 011010 01111001000101101110880. Ε 111110, 80000110 0110 mi 1110-
10011ον0 10 8100010ν 100110 111 che 81 110010 l’ 0100110 01 11 1110010 1010
procedere ’170180 111 1010, 110νο101 0 111108117 010 avere rieevuta 11110 1011000
11011110 11’08001111011 dell' 1100 0 1701110 011010, 0 0110000 della 110110
8011111110. Ρο1 101110 111080 V. 8. 010110 111.ΓΘ 0110 0011 1011000 0000810110
0 1108110100010 1108110 110011101811 11110810 0110 0 010 11010 1010 11011110,
00010 ohe 10 110880 11108001010 10 110110 0110 011010 0 1 10101 801.Ὴὶί
Ρο111001 01 0 diversi 010101, 0 1 quali, 00100 010 000-10010010, 00 110 11010
intenzione.

Α1110 1101 010 000 ho 0110 808810800110; 11010, 10000110 1100, 000
vero e reverente 0110110 10 100010 10 010111.

Di Fine, 111 14 ⁰2> Agosto 1638.
Di V. 8. 100110 mre Dev.¹¹¹0 01 0101189010 80111.ΓΘ
(1011100 (1011101.

Lett. 3781. 14. condizione da qli altri —

 

 

 

(¹) 011. n.0 3780, lin. 25-31. ’ (3) Cfr. n.0 3058.
(2) 011. n.0 3763. (¹⁸) Cfr. 10 nota 01 11.Ο 3780, lin. 86.

