[3494] 5 01110110 1637. 93

1101 (111010 51 trovo noll'assognato instante, ot 011111·οη110 111 1110110, 11
(111010 dobba 011110151 0000101011110 0011 (1110110 11101101Ζ10110 0110 010500
10 (1110111-11110 1101 tempo, 10 (111010 1101 (101-110 1115110111ῑο 010 111111ος 51 001110
1101151 11110 0500811010 0051 11100010 5110210 (1110111110 0110 (1111111101111011
110 510110 (1000151 (10110 11 primo instante 50811010, 0051 1101110110051 11
mobile 010110 (11110130 11011 110110550 1111011111ὺο 01011110 (11 1101001110 50811010,
0110 1101 1111111011 0110010 11011 51 510 1111010110. Vorroi 0110 V. S. propo-
100 110550 011’0111100, 50 0811 0111111011Ἑο 111000 0110 1111 mobile 0110 vadia 1101-
11011110 001113111110111011110 (11 1101001110, 001110, 1101 0501111110, fa un gravo
proiobto porpendioolarmonto 111 511, 110551 011 1111 1101 810110 (111101001ῒο
11000 111111010 (10110 5110 11111 tosto 0110 0 11110 111111010 05501; 001110, 1101·
0501111110, 11110 1101101111 1110111100, 0110 11110110 111 alto va continuamonto

perdendo 111 1701001110, 510 1101 11011055οΥ0 11111110 (10 10 8101110 9, 0110
0 6 0 4. Credo 0110 0811 00110011010,11011 055010 10810110 01011110 1111110-

11055010 10111100101011101110 110 10 0 6, 5011011110ηο 0 111110111011011110110 11
810111 9, 8, 7, 51 001110 5111110 10 0 010110 0110 0811 0110010 00110011010. ’
(10115111011 0(10550 0110 (1110110 110110, 01111011110 001111111110111011110 ob 5110005-
170 sivamonbo perdendo (11 101Ζο 0 (11 1101001110, 51 11111100 finalmente allo
511010 111 (11110130, 1110 ’1 (111010 0 (1110151108Ι10 0500811010 810110 (11 1501111ήο
110 50110 01111 ot 011511 1110881011. Quando dunque 01 5010 81111110, 1101
0501111110, 0 100 810111 (11 1101111110, 0110 10810110 51 110110 0811 0111111110
011’01 100010 passaggio (10 1 0011110 810111 (11 101111ὺο 0110 (11110110, 0100
0110 1501111150 infinita, 'nralasoiando (11 11055010 1101 11 120, 1101· 11 200,
1101 11 1000, 0110 11111 50110 01 100 11111 11101111111111 0110 l'infini‘oo‘? E 0051
convertendo 11 5110 111011101οῃ10 (101 punto altissimo·vorso 11 100550, 01111-
trario 11111 0110 108101101010 5010111100, 1101 11110 1101010, 11 (11500150 111
0011110110 11010550 1108010 011’01 11110550550 001117015011101110, 0100 0011 01111110
1811 prepostero, (11101 1110110511111 gradi 1101· 1 quali passo 110110 salita.
Quosto 0 quanto 1101 010 voglio (1110 0 V. S. 111.ΠΜ 111 questo 1110-
posito, aggiugnondo solamente 11 10111101811 10 debite 810210 (101 80-
1050 offizio 0110 811 0 1110011110 (11 1010 por conservaziono (10110 mia 10-
111111οΖ10110. Ε 1101 11011 1101110110 11111 111118οΠ1011ῢο, 0011 1117010111ῑο 01101110
811 100010 10 1110111 0 11 111080 (10 Dio 11 0011110 111 1011011101. ¹

1)Ἀ1001111, 11 5 Giugno 1637.
Di V.S.111.111a Dov.m0 ot Obb.1110 8.oe

Galileo Galilei.

162. 'sutt' 0 due 10 copie hanno: passi da un. —-

