414 17 -- 18 1116611661] 1638. [3824-3825]

gandola 6116 6 161111 favori 16111161 1168116 6881611861 (1116616 di 1686116 6 66116-
86116 6 (1111116116 11 6116 1161616. 8611 6161116 6116, 66 11611 1161 61116, 16 611111616
611116116 (168116 (11 6611111611116 (111161111 1161 661166661 16 16111116 di 6111616 6116, 611,-
6616116 (16 161116116, 61 111868116 di 6681111 16 6116 116(1616; 6116111161116 61616 6611
desiderio (11166161 1166111111116616 611616 (11 V. 8., 111 6111 611616 (11 vedere 11116116

6 1161161116116 616 6116 16 116 6616622616 6661 6116 816666. Ε 1116861161616 6666611611111
116116 6116 11116116 816116, 16 1166616 1161 11116 16 mani, 6 1111686 (161 8181161 68111 16
vero 6611161116.

Di Gema, 6 17 (11 Decembre 1638.

Di V. 8. 1116116 Ill.1·e 61 11366.Πιξὶ 891· Obb1.m0
(116. 135² Baliano.

3825²¹⁴ss.

PIER BATTISTA BORGHI a GALILEO in Firenzq.
Roma, 18 dieembre 1638.

Bibl. Ν az. Fir. Mss. Gal.‚ P. Ι, Τ. XII, 661. 101. - Autografa.

Μ6116 Ill.re ed Ε66.ῙΠΟ 818.1Γ 6 Ρ.116 (3616116.1110

86 6 6161116 11 616616 6116 116 (11 servir 6 V. 8. 1116116 Ι11.Υθ, 1161 6116 11611 1161-
1611666 6116116 16111116, 611116116 1111 661166(16 6116 11611 616 del 111116 1111116, 6 6116
116116 6616611116 (16116 861116 F 6616 (11 Ν61616 uon 6611111616 6116 6116 1116661126 6 611-
1116611616616 (111616 66661 (166. 16 (16616 6611116 6 811 611111 di Nestore 61 818.Υ (16-
11161, splendor (161 1166116 666616 6(1 61161 (16116 1166116 Ι16116, 6, quel 6116 6 1116
16666, 11116 beneficentissimo 116(116116; 6 1161616 6611 queste (1116 118116 11161 66111-
116616, 6 1161 111111166111116 (161 11116 111868116 6 1161 16 666166226 (16116111.116,1(61186
ad augurarle felici (1116616 861116 Festa 611 61166161666 11 111111611116 6611611116 11166-
simo, 1161 (111616 61 111 1111 666616 (11 61111 11166616 6 Dio N. 81811616 16661666116 16
6611 11111616 6611116 6 6611161116. Ε 16 166616 11111116 1116161126.

Di Roma, 11 18 Χ1616 1638.
Di V. 8. 1116116 Ill.re 661 Ε66.1113

Tango 6116 11 Ρ6(116 Α1111616 06616111, conforme
mi 666611116 6611 11116 611161616116611116 6116, 6616
1161 11168816, 6 1161616 11611 16 6611116; 6 11166616 6

Dio 6611611111661 6 salvamento.
Devofflw ed obbligat.m0 86111.ΙΓθ

83 (11611161. Ε1161126. Ρ161 136116 Β618111.

