122 η 27 01110110 1637. [3509]

(11 (1110010 0001001110 01 0110 01000110, 1110 con proporli 10 conclusione 0110 1011010010,
0100 000 (10110οᾶ01011 10 10010110 perche 01 110001ᾶονο 1111110 110110 11101100 011010
1101ος 0 10 0001011101 0110 10 1110001ἳο profonda (101 Ρο1110 1101101011ὒο 01110110 0000-
011010 10 001100 Ἴ(010, 0010010010 0 chiarissimo, (11 (1110010 0110110001100. 11 01011110
11100000 11 (11100110, 0 01111110 11 fu 11010001οῑ << Ο 11011 0011010 voi 10 10010110 ⁴? 0 1001-
11001100; ve 10 (1110 10 >>; 0 0011110010 0 entrare 111 un 1010111010, (101 11101100 0 (101
11010, 0 (11 00110 1301110100 0110 01 1101000 1101 10101100, 0 (11 1111110 0000 0011111 0110
11011 10 0011101 01110001οε 110010, 0110 01 1000 10 10010110 11010110 11 10101100 01 110001
(101το piu (101 nero. Fat‘co (1110010, 0(1 0010οᾶ0101 11 01010110 11101110 11 111110, 0011
01011(110011110 1100 0 0110 0 11110, 10 anda-i (11 101100 0 fare 101111000οΥ0 10 111010 (10110
faccia (11 un 1110110110, 0 Γο1110 111010 fu (10 1110 111110 con 1’11101110011·0 (1111010, 0
poi 00110010 01 0010 0 100010101010 10010 (11101110 01 1101101100 111000 quel giovine
111 0010000010 (11 un 01110, pur 0001010 (10111 1110(1001101 Rev.<11PP.;p01‚ 1001101010
1101 10 11011110 (10110 1110111, 11110 001110 11 1101-0, 1’01110 001110 11 11101100, 1000000000
con 1110110 0110 10 parte 11010 poco 111000 0110 00011010, 0101110 010 (111001 11000οῖ
(10110 (11101 0000 quei giovani 1001010110 011111010111; 0(1 10 confesso, 0110 00 hone
tenevo per fermo 0110 11 nero Sarebbe piu caldo (101 1110000, 111 00111 1110110 mni
1111 00101 creduto 0110 10 (111101011Ζο fosse 101110 grande 0 11010οΖ0ος e 0011 0101110
0110 00 V. S. 1010 l’csperienza, 11 parere. 0000 0110110. Hora, 10110 (1110010, (1100101
01010110 100(10011110; 01011, 810.Γ 00110 (0110 0001 01 chiama), 10100000 fare 10 00-
0011(10 parte (101 13011ος 11100000 0110 V. S. ritrovi 11 Ρ. 00111010111010, 0 fi (1100 0110
havendo proposto 0 me 11 (11100110 << ,13010110 11 11101100 01 110001ᾶο piu che 11 nero ἶ) >>,
10 11 1101010 11000010 0110 10 10000010 0010111010 01 1011010010, 0100 0110 01 110001001το
piu 11 11010 0110 11 010000, 0 0110 01110110 0110101 0 11110010 11 1110110110 0 10 0011001
01 0010, 0 dopo 11110 111οΖ7] 010 0 poco piu 11 11011010 fatto propriamcnte 1000010
0011 111000 0110 11 nero 010 1110110 piu 001(10 (101 1)101100; 0 0000101101011110(1001010
01011000 0110 (111000ᾶο000 10 10010110 (11 (1110010 conclusione, 1)100101100(1011 1101 parte
(11 quel 11100010 0110 11 001010100 01010 0000011010 0000101010010110 (11 (1110010. (11101

30

40

giovane non vedeva 1⁷ 11010 (11 fare 10 soconda provo, 1110 non 11010 farlo 000100

101001ος finalmente, 11000011 01011111 0101111, fece pulito 0 100010000011ᾶο 1110110010.
Hora qui 01 fu che fare 00001 0 11110110 (11101 buon 111000ῗο 0 1110010111, 11111110,
1110001100 0110 0011011011Ζο, 0000101010 francamente, e poi 111011011(1010 111 (10111010, 0
1101 001110100ᾶο10, 0110 1110000010 10110 con 111110 10 00111 (11 nero 0 0011 111110 10
00111 (11 1010000 0 0011 111110 10 01010110 0 0110 10100011Ζο (1111110 che 10000 dell'opi-
1110110 001111011ος 1110 11 Signr (10110, 0110 pur troppo 0111010 11011010 11 10110 in 1110110,
01 110110 101110 11011000101110, 0110 11 Ρ. 11011110 01 10111000 01110110101110110 0110 piu
0110 01100010010111 0 0011111 (10110 piu 1000110110 1111100110, 0(100000110 10 10010110 (11
(1110010 01110 00110111010110 111110 11 0011110110 (10110 11111110. Io 1111 consenso 111011111-

0101110 0 101011(10110 0 (1101011001Ιο per extensum 111110, 1110 111 0001011Ζο mi pare che 00

10 10010110 fosse 0000011010 00001 benc 0 concludente: 0100, 000010 piu 001110 10

